%YAML:1.0
---
names:
   - "1"
   - "2"
   - "3"
   - "4"
R_1: !!opencv-matrix
   rows: 3
   cols: 1
   dt: d
   data: [ -1.0865685117323338e+00, -5.5960989101430214e-01,
       -8.5058893522684387e-01 ]
Rot_1: !!opencv-matrix
   rows: 3
   cols: 3
   dt: d
   data: [ 5.7063709869497325e-01, 8.2116108655397335e-01,
       8.2323461103535611e-03, -3.1747648803496692e-01,
       2.1135168021995426e-01, 9.2441286599288819e-01,
       7.5735195328061722e-01, -5.3011785217789054e-01,
       3.8130444747515552e-01 ]
T_1: !!opencv-matrix
   rows: 3
   cols: 1
   dt: d
   data: [ -4.7410972705456417e-01, 4.7519204501348355e-01,
       2.6499299739973545e+00 ]
R_2: !!opencv-matrix
   rows: 3
   cols: 1
   dt: d
   data: [ -6.3327985515440244e-01, -1.4226927703784302e+00,
       -1.8992299712702465e+00 ]
Rot_2: !!opencv-matrix
   rows: 3
   cols: 3
   dt: d
   data: [ -6.5612676050731966e-01, 7.5453876026764610e-01,
       -1.2997438206584555e-02, -2.2458878509209673e-01,
       -1.7879576301545774e-01, 9.5791020076966316e-01,
       7.2045648845508103e-01, 6.3142959574404167e-01,
       2.8677362825317410e-01 ]
T_2: !!opencv-matrix
   rows: 3
   cols: 1
   dt: d
   data: [ -3.6944838432818089e-01, 8.7813287444377353e-01,
       2.1515914598457231e+00 ]
R_3: !!opencv-matrix
   rows: 3
   cols: 1
   dt: d
   data: [ -6.6408575519026258e-01, 1.4242485645590675e+00,
       1.8989255953469562e+00 ]
Rot_3: !!opencv-matrix
   rows: 3
   cols: 3
   dt: d
   data: [ -6.5042703078032615e-01, -7.5953160495570737e-01,
       -7.5112384928166520e-03, 2.0543126196531036e-01,
       -1.8542471883779144e-01, 9.6094519627878161e-01,
       -7.3126101648975428e-01, 6.2348168755572408e-01,
       2.7663678541553038e-01 ]
T_3: !!opencv-matrix
   rows: 3
   cols: 1
   dt: d
   data: [ 1.3336585953204810e-01, 9.5584116017654597e-01,
       1.8187792248903529e+00 ]
R_4: !!opencv-matrix
   rows: 3
   cols: 1
   dt: d
   data: [ -1.1873555949409806e+00, 4.5358539358182048e-01,
       5.7575903179367371e-01 ]
Rot_4: !!opencv-matrix
   rows: 3
   cols: 3
   dt: d
   data: [ 7.7223305214433913e-01, -6.3461908179267401e-01,
       3.0244573074546921e-02, 1.7795831761804640e-01,
       2.6175523601117245e-01, 9.4858580719473651e-01,
       -6.0990732932667147e-01, -7.2714703976937056e-01,
       3.1507178894380317e-01 ]
T_4: !!opencv-matrix
   rows: 3
   cols: 1
   dt: d
   data: [ 3.3768619319601317e-01, 6.7294474034448726e-01,
       2.5309181724399834e+00 ]
